0 0.373047 0.460938 0.0148437 0.034375
0 0.212109 0.45 0.0179687 0.04375
0 0.593359 0.464063 0.0148437 0.0375
0 0.475 0.489844 0.015625 0.0359375
0 0.237891 0.457812 0.0195312 0.04375
0 0.507422 0.494531 0.0148437 0.0390625
0 0.612891 0.496875 0.0179687 0.040625
0 0.823047 0.494531 0.0179687 0.0390625
0 0.444922 0.479688 0.0164062 0.040625
0 0.714063 0.463281 0.01875 0.0421875
0 0.750391 0.460156 0.0210938 0.0484375
0 0.157031 0.45625 0.0203125 0.046875
0 0.554688 0.472656 0.0171875 0.0421875
0 0.313672 0.458594 0.0210938 0.0515625
0 0.79375 0.471875 0.01875 0.04375
0 0.658203 0.478125 0.0179687 0.04375
0 0.885938 0.464063 0.0203125 0.046875
0 0.857422 0.467187 0.0195312 0.04375
0 0.391406 0.478906 0.01875 0.0421875
