0 0.0593093 0.22861 0.0195195 0.040107
0 0.560811 0.236631 0.0225225 0.0454545
0 0.185435 0.319519 0.0285285 0.0561497
0 0.644895 0.263369 0.0255255 0.0508021
0 0.951201 0.274064 0.0255255 0.0508021
0 0.813814 0.248663 0.021021 0.0481283
0 0.0810811 0.266043 0.024024 0.0508021
0 0.189189 0.215241 0.018018 0.040107
0 0.314565 0.244652 0.0195195 0.0454545
0 0.346096 0.241979 0.0255255 0.0508021
0 0.597598 0.34893 0.03003 0.0614973
0 0.401652 0.201872 0.0195195 0.0454545
0 0.925676 0.315508 0.0285285 0.0588235
0 0.627628 0.541444 0.0690691 0.136364
0 0.196697 0.403743 0.039039 0.0802139
0 0.792042 0.409091 0.0405405 0.0802139
