1 0.693878 0.416535 0.0163265 0.0299213
1 0.961735 0.51811 0.0193878 0.0409449
1 0.152041 0.348819 0.0244898 0.0519685
1 0.583163 0.401575 0.0153061 0.0314961
1 0.273469 0.348031 0.0183673 0.0377953
1 0.490816 0.483465 0.0204082 0.0409449
1 0.32602 0.619685 0.027551 0.0551181
1 0.395918 0.554331 0.0163265 0.0314961
1 0.513265 0.405512 0.0183673 0.0393701
1 0.905102 0.477953 0.022449 0.0393701
1 0.820918 0.35748 0.0193878 0.0377953
1 0.695918 0.66378 0.0428571 0.0708661
1 0.127551 0.492126 0.0367347 0.080315
1 0.20051 0.376378 0.0336735 0.0566929
