1 0.616429 0.453165 0.0128571 0.0253165
1 0.859286 0.482278 0.0157143 0.0329114
1 0.0114286 0.639241 0.0142857 0.0329114
1 0.226429 0.606329 0.0157143 0.0329114
1 0.204286 0.746835 0.0171429 0.035443
1 0.0985714 0.812658 0.0171429 0.035443
1 0.0464286 0.635443 0.0157143 0.035443
1 0.260714 0.656962 0.0157143 0.0329114
1 0.452143 0.543038 0.0157143 0.0329114
1 0.49 0.494937 0.0142857 0.0329114
1 0.384286 0.618987 0.02 0.043038
1 0.657143 0.549367 0.0171429 0.035443
1 0.682857 0.437975 0.0114286 0.0303797
1 0.262857 0.720253 0.0171429 0.0379747
1 0.965 0.426582 0.0157143 0.0329114
1 0.37 0.705063 0.02 0.043038
1 0.467143 0.729114 0.02 0.0455696
1 0.51 0.550633 0.0142857 0.0329114
1 0.885714 0.431646 0.0142857 0.0329114
1 0.828571 0.532911 0.0171429 0.0379747
1 0.646429 0.478481 0.0128571 0.0303797
1 0.951429 0.477215 0.0171429 0.0379747
1 0.745714 0.74557 0.0228571 0.0481013
1 0.431429 0.617721 0.0171429 0.035443
1 0.788571 0.635443 0.0228571 0.0506329
1 0.292857 0.701266 0.0142857 0.035443
1 0.525714 0.625316 0.0171429 0.0405063
1 0.958571 0.549367 0.02 0.0405063
1 0.135 0.664557 0.0157143 0.0379747
1 0.0864286 0.640506 0.0185714 0.0405063
1 0.552143 0.748101 0.0185714 0.0481013
1 0.737857 0.537975 0.0185714 0.043038
1 0.581429 0.537975 0.0171429 0.0379747
1 0.897857 0.768354 0.03 0.0582278
1 0.693571 0.620253 0.0214286 0.0455696
1 0.616429 0.618987 0.0185714 0.043038
1 0.903571 0.632911 0.0214286 0.0455696
