0 0.805714 0.401659 0.02 0.0402844
0 0.594286 0.364929 0.02 0.0379147
0 0.327143 0.393365 0.02 0.0473934
0 0.26 0.706161 0.0485714 0.0758294
0 0.168571 0.42654 0.0257143 0.0521327
0 0.107857 0.440758 0.0242857 0.042654
0 0.676429 0.376777 0.0157143 0.0379147
0 0.522857 0.402844 0.0228571 0.042654
0 0.729286 0.505924 0.0242857 0.049763
0 0.621429 0.444313 0.0257143 0.049763
0 0.272143 0.520142 0.0328571 0.0545024
0 0.468571 0.427725 0.0228571 0.0450237
0 0.2 0.466825 0.0285714 0.056872
0 0.402857 0.38981 0.02 0.0402844
0 0.73 0.345972 0.0171429 0.0379147
0 0.0342857 0.476303 0.0342857 0.056872
0 0.139286 0.591232 0.0357143 0.063981
