0 0.648438 0.432292 0.015625 0.0381944
0 0.650391 0.520833 0.0234375 0.0486111
0 0.477539 0.482639 0.0175781 0.0416667
0 0.285156 0.480903 0.015625 0.0381944
0 0.257812 0.463542 0.015625 0.0381944
0 0.524414 0.442708 0.0175781 0.0381944
0 0.329102 0.505208 0.0175781 0.03125
0 0.585938 0.451389 0.0195312 0.0416667
0 0.654297 0.965278 0.0664062 0.0694444
0 0.750977 0.482639 0.0253906 0.0555556
0 0.154297 0.472222 0.0195312 0.0416667
0 0.912109 0.53125 0.03125 0.0555556
0 0.822266 0.440972 0.0234375 0.0486111
0 0.985352 0.647569 0.0292969 0.0659722
0 0.546875 0.572917 0.0234375 0.0555556
0 0.197266 0.902778 0.0429688 0.0833333
0 0.674805 0.654514 0.0371094 0.0729167
0 0.894531 0.744792 0.0585938 0.107639
