1 0.554688 0.41452 0.0125 0.0234192
1 0.608594 0.502342 0.0140625 0.0257611
1 0.348437 0.401639 0.0125 0.0210773
1 0.823438 0.54918 0.021875 0.0351288
1 0.497656 0.494145 0.0140625 0.0234192
1 0.253906 0.509368 0.0171875 0.0351288
1 0.582812 0.415691 0.0125 0.0257611
1 0.311719 0.401639 0.0109375 0.0210773
1 0.861719 0.4637 0.0171875 0.0327869
1 0.284375 0.406323 0.0125 0.0210773
1 0.991406 0.474239 0.0140625 0.0351288
1 0.610156 0.425059 0.0140625 0.0257611
1 0.136719 0.354801 0.0140625 0.0257611
1 0.103125 0.529274 0.025 0.0374707
1 0.597656 0.653396 0.0296875 0.0421546
1 0.710156 0.42623 0.0140625 0.028103
1 0.915625 0.4637 0.01875 0.0327869
1 0.720312 0.54918 0.01875 0.030445
1 0.05625 0.352459 0.015625 0.0257611
1 0.45625 0.740047 0.03125 0.0468384
1 0.75 0.43911 0.015625 0.030445
1 0.657812 0.420375 0.015625 0.030445
1 0.810156 0.455504 0.0171875 0.030445
