0 0.770988 0.318637 0.0301098 0.0494059
0 0.739639 0.21576 0.0162947 0.0337711
0 0.173043 0.367417 0.0329437 0.0519074
0 0.110344 0.25172 0.0201913 0.0419012
0 0.581297 0.194184 0.0177117 0.0356473
0 0.391605 0.350532 0.0230252 0.0494059
0 0.226178 0.285804 0.0201913 0.0437774
0 0.904003 0.324578 0.0269217 0.0425266
0 0.609104 0.306754 0.0244421 0.0531582
0 0.387708 0.220138 0.0201913 0.0425266
0 0.0603967 0.271107 0.0251505 0.0519074
0 0.326249 0.24828 0.0233794 0.0462789
0 0.494332 0.216073 0.0194828 0.043152
0 0.35813 0.451845 0.0361318 0.0744215
0 0.754339 0.430582 0.0357775 0.0706692
