1 0.26489 0.524582 0.0172414 0.0324268
1 0.104232 0.542887 0.015674 0.0251046
1 0.204545 0.502092 0.015674 0.0251046
1 0.726881 0.506276 0.0164577 0.0271967
1 0.6971 0.500523 0.0133229 0.0240586
1 0.233934 0.507322 0.0164577 0.0271967
1 0.432994 0.511506 0.0164577 0.0271967
1 0.912226 0.507322 0.0172414 0.0292887
1 0.545455 0.503661 0.0172414 0.0303347
1 0.628527 0.506799 0.015674 0.0261506
1 0.0623041 0.505753 0.0164577 0.0282427
1 0.134796 0.49477 0.015674 0.0271967
1 0.346787 0.46182 0.0164577 0.0324268
1 0.65674 0.497385 0.0141066 0.0240586
1 0.0101881 0.540795 0.0172414 0.0313808
1 0.150078 0.53295 0.0195925 0.0324268
