0 0.663086 0.306962 0.0292969 0.056962
0 0.258789 0.295886 0.0253906 0.0474684
0 0.185547 0.306962 0.03125 0.056962
0 0.40332 0.297468 0.0292969 0.056962
0 0.436523 0.35443 0.0332031 0.0632911
0 0.0742188 0.276899 0.0390625 0.0601266
0 0.327148 0.324367 0.0332031 0.0664557
0 0.510742 0.314873 0.0292969 0.0537975
0 0.289062 0.314873 0.0273438 0.0601266
0 0.625 0.313291 0.0351562 0.0632911
0 0.691406 0.368671 0.0351562 0.0601266
0 0.364258 0.316456 0.0292969 0.056962
0 0.910156 0.28481 0.0429688 0.0759494
0 0.748047 0.348101 0.0351562 0.0632911
0 0.126953 0.306962 0.0390625 0.0696203
0 0.556641 0.297468 0.03125 0.0632911
0 0.816406 0.303797 0.0390625 0.0696203
0 0.222656 0.348101 0.0351562 0.0632911
