0 0.982917 0.254815 0.0275 0.0592593
0 0.568333 0.382222 0.03 0.0622222
0 0.730417 0.307407 0.0291667 0.0548148
0 0.425417 0.22963 0.0241667 0.0533333
0 0.644167 0.240741 0.0266667 0.0577778
0 0.88375 0.166667 0.0241667 0.0548148
0 0.647083 0.437037 0.0341667 0.0592593
0 0.991667 0.322963 0.0166667 0.0622222
0 0.94875 0.173333 0.0291667 0.0562963
0 0.70625 0.143704 0.0241667 0.0533333
0 0.265833 0.421481 0.035 0.0666667
0 0.342083 0.391852 0.0341667 0.0785185
0 0.4525 0.32 0.0316667 0.0711111
0 0.719583 0.401481 0.0308333 0.0711111
0 0.883333 0.314074 0.0416667 0.082963
0 0.170417 0.440741 0.0591667 0.0992593
