0 0.4455 0.784108 0.025 0.0389805
0 0.1945 0.111694 0.013 0.0284858
0 0.763 0.345577 0.018 0.0344828
0 0.023 0.407046 0.018 0.0314843
0 0.371 0.0817091 0.014 0.0284858
0 0.285 0.0787106 0.012 0.0254873
0 0.5335 0.368816 0.015 0.0269865
0 0.0475 0.757871 0.023 0.0344828
0 0.0705 0.101199 0.013 0.0284858
0 0.9725 0.0794603 0.019 0.0329835
0 0.2755 0.255622 0.015 0.0284858
0 0.679 0.107946 0.016 0.0269865
0 0.3985 0.162669 0.013 0.0254873
0 0.314 0.15967 0.016 0.0284858
0 0.13 0.20015 0.014 0.0284858
0 0.2085 0.4003 0.017 0.029985
0 0.1375 0.0989505 0.013 0.023988
0 0.0855 0.302099 0.015 0.0284858
0 0.772 0.104948 0.016 0.029985
0 0.674 0.22039 0.016 0.029985
0 0.463 0.224888 0.016 0.029985
0 0.7715 0.208396 0.015 0.029985
0 0.162 0.765367 0.022 0.0404798
0 0.041 0.553223 0.018 0.0329835
0 0.2325 0.17916 0.013 0.0254873
0 0.748 0.733883 0.022 0.0404798
0 0.913 0.498501 0.02 0.0374813
0 0.1405 0.544977 0.017 0.0314843
0 0.3205 0.373313 0.017 0.0329835
0 0.4885 0.547976 0.019 0.0374813
0 0.9075 0.718891 0.025 0.0494753
0 0.238 0.566717 0.02 0.035982
0 0.418 0.369565 0.018 0.0344828
