0 0.585821 0.346604 0.0223881 0.0421546
0 0.147761 0.419204 0.0268657 0.0468384
0 0.609702 0.401639 0.0223881 0.0444965
0 0.397015 0.326698 0.0208955 0.0398126
0 0.534328 0.339578 0.0208955 0.0421546
0 0.0350746 0.368852 0.0253731 0.0444965
0 0.246269 0.322014 0.0238806 0.0398126
0 0.104478 0.428571 0.0238806 0.0421546
0 0.750746 0.379391 0.0268657 0.0515222
0 0.262687 0.396955 0.0268657 0.0491803
0 0.325373 0.38993 0.0268657 0.0491803
0 0.948507 0.412178 0.0283582 0.0515222
0 0.887313 0.429742 0.0253731 0.0491803
0 0.470896 0.339578 0.0223881 0.0374707
0 0.83806 0.299766 0.0253731 0.0468384
0 0.128358 0.336066 0.0238806 0.0444965
0 0.0768657 0.32904 0.0253731 0.0444965
0 0.757463 0.307963 0.0253731 0.0491803
0 0.315672 0.299766 0.0253731 0.0515222
0 0.66791 0.313817 0.0223881 0.0421546
0 0.541045 0.399297 0.0253731 0.0444965
0 0.390299 0.396955 0.0253731 0.0444965
0 0.479851 0.38993 0.0223881 0.0444965
0 0.81791 0.416862 0.0238806 0.0468384
0 0.682836 0.403981 0.0253731 0.0491803
0 0.926866 0.320843 0.0268657 0.0515222
0 0.194776 0.399297 0.0253731 0.0491803
0 0.193284 0.302108 0.0223881 0.0468384
