1 0.200893 0.28254 0.0196429 0.0444444
1 0.898214 0.277778 0.0214286 0.047619
1 0.135714 0.28254 0.0214286 0.0507937
1 0.747321 0.288889 0.0232143 0.0507937
1 0.5875 0.298413 0.0214286 0.0507937
1 0.119643 0.346032 0.025 0.0571429
1 0.433929 0.274603 0.0214286 0.047619
1 0.514286 0.298413 0.0214286 0.0507937
1 0.376786 0.388889 0.0214286 0.047619
1 0.888393 0.368254 0.0267857 0.0571429
1 0.721429 0.373016 0.025 0.0539683
1 0.348214 0.293651 0.0214286 0.047619
1 0.260714 0.433333 0.025 0.0539683
1 0.299107 0.357143 0.0232143 0.0539683
1 0.792857 0.374603 0.025 0.0507937
1 0.545536 0.347619 0.0232143 0.0539683
1 0.814286 0.298413 0.025 0.0571429
1 0.06875 0.436508 0.0267857 0.0539683
1 0.457143 0.346032 0.025 0.0571429
1 0.634821 0.350794 0.0267857 0.0603175
1 0.2125 0.353968 0.025 0.0539683
1 0.341964 0.453968 0.0267857 0.0507937
1 0.711607 0.463492 0.0267857 0.0571429
1 0.166964 0.453968 0.0267857 0.0571429
1 0.440179 0.460317 0.0232143 0.0571429
1 0.816964 0.453968 0.0267857 0.0571429
1 0.529464 0.455556 0.0267857 0.0539683
1 0.624107 0.442857 0.0267857 0.0539683
1 0.916071 0.469841 0.0285714 0.0634921
