0 0.63375 0.354762 0.0191667 0.0460317
0 0.450833 0.403175 0.0216667 0.0507937
0 0.142917 0.446825 0.0308333 0.0619048
0 0.314583 0.451587 0.0275 0.0650794
0 0.7675 0.407143 0.0233333 0.0555556
0 0.22125 0.488889 0.0291667 0.0571429
0 0.505 0.394444 0.02 0.0492063
0 0.579167 0.414286 0.0233333 0.0539683
0 0.0133333 0.465873 0.0266667 0.0650794
0 0.374583 0.446825 0.0291667 0.0619048
0 0.830417 0.444444 0.0375 0.0730159
0 0.500417 0.53254 0.0375 0.0809524
0 0.34 0.688889 0.0583333 0.107937
0 0.637917 0.63254 0.0541667 0.109524
0 0.280833 0.549206 0.0416667 0.0857143
0 0.98 0.580952 0.04 0.104762
0 0.43125 0.571429 0.0358333 0.0793651
0 0.783333 0.630159 0.055 0.111111
0 0.13125 0.58254 0.0491667 0.101587
0 0.68375 0.528571 0.0458333 0.0920635
