1 0.0101562 0.6375 0.0171875 0.0472222
1 0.163281 0.6 0.0171875 0.0388889
1 0.480469 0.658333 0.0203125 0.05
1 0.629687 0.588889 0.015625 0.0277778
1 0.471094 0.554167 0.0140625 0.0305556
1 0.514063 0.677778 0.01875 0.0444444
1 0.275781 0.613889 0.0171875 0.0444444
1 0.234375 0.672222 0.03125 0.0777778
1 0.5625 0.641667 0.01875 0.0444444
1 0.898438 0.525 0.01875 0.05
1 0.235938 0.555556 0.015625 0.0388889
1 0.415625 0.631944 0.01875 0.0472222
1 0.06875 0.565278 0.021875 0.0472222
1 0.34375 0.605556 0.01875 0.0388889
