1 0.29 0.58165 0.014 0.0286195
1 0.7425 0.624579 0.011 0.026936
1 0.348 0.574074 0.014 0.030303
1 0.5375 0.578283 0.015 0.0319865
1 0.8655 0.632997 0.015 0.030303
1 0.7225 0.636364 0.013 0.030303
1 0.6385 0.644781 0.013 0.026936
1 0.402 0.643098 0.014 0.030303
1 0.441 0.587542 0.012 0.026936
1 0.598 0.646465 0.012 0.026936
1 0.795 0.617003 0.014 0.0286195
1 0.111 0.609428 0.014 0.030303
1 0.153 0.614478 0.014 0.030303
1 0.1345 0.611953 0.015 0.0319865
1 0.5155 0.594276 0.013 0.026936
1 0.415 0.602694 0.014 0.030303
1 0.959 0.614478 0.016 0.037037
1 0.767 0.632155 0.014 0.0319865
1 0.2015 0.612795 0.015 0.030303
1 0.074 0.625421 0.016 0.0319865
1 0.234 0.619529 0.014 0.030303
1 0.3095 0.635522 0.015 0.0319865
1 0.493 0.61532 0.014 0.0286195
1 0.0355 0.589226 0.019 0.040404
1 0.3575 0.62037 0.013 0.0286195
1 0.8345 0.621212 0.015 0.03367
1 0.6775 0.624579 0.017 0.03367
1 0.27 0.619529 0.014 0.030303
1 0.5605 0.632997 0.015 0.030303
1 0.4475 0.635522 0.013 0.0286195
1 0.325 0.575758 0.016 0.03367
