1 0.713 0.433333 0.018 0.04
1 0.621 0.428333 0.018 0.0433333
1 0.726 0.351667 0.016 0.0366667
1 0.825 0.41 0.018 0.0466667
1 0.286 0.38 0.02 0.04
1 0.414 0.343333 0.016 0.0333333
1 0.75 0.506667 0.032 0.0666667
1 0.954 0.485 0.02 0.0433333
1 0.183 0.385 0.022 0.0433333
1 0.046 0.376667 0.028 0.0533333
1 0.363 0.408333 0.026 0.05
1 0.305 0.455 0.03 0.0566667
1 0.202 0.628333 0.04 0.0766667
1 0.55 0.451667 0.024 0.0566667
1 0.875 0.573333 0.038 0.08
1 0.708 0.616667 0.048 0.0866667
1 0.295 0.77 0.058 0.113333
